FREQ0	FREQ1	RHO0	RHO1	COUNT	MEAN	SD
0	0.02	0	5.18556330379426e-06	51199	-3.66496025312997	1.92037142139521
0	0.02	5.18556330379426e-06	3.03586740994656e-05	53678	-3.52814465889191	1.64724608291781
0	0.02	3.03586740994656e-05	6.53253569682131e-05	56644	-3.42326165171954	1.53587965771701
0	0.02	6.53253569682131e-05	0.000108669489167559	54718	-3.19925839760223	1.46896649292339
0	0.02	0.000108669489167559	0.000166675797815345	54867	-3.07047529480381	1.41845829989892
0	0.02	0.000166675797815345	0.000251362593290369	55690	-2.90590874483748	1.39571106712624
0	0.02	0.000251362593290369	0.000393942495754424	55209	-2.79916488253725	1.349361471947
0	0.02	0.000393942495754424	0.000689784071096414	54456	-2.66489525488465	1.28613900075867
0	0.02	0.000689784071096414	0.00176919664411648	56080	-2.40380404778888	1.24428474382667
0	0.02	0.00176919664411648	1.1258259270257	59182	-1.78906581392992	1.12035514630525
0.02	0.04	0	5.18556330379426e-06	64581	-3.70027867329403	1.66566714136529
0.02	0.04	5.18556330379426e-06	3.03586740994656e-05	71158	-3.55402217600274	1.29852727360706
0.02	0.04	3.03586740994656e-05	6.53253569682131e-05	72361	-3.44151418581834	1.18578692170339
0.02	0.04	6.53253569682131e-05	0.000108669489167559	71831	-3.24440930795901	1.10883960276754
0.02	0.04	0.000108669489167559	0.000166675797815345	71284	-3.10107904999716	1.06540991987675
0.02	0.04	0.000166675797815345	0.000251362593290369	70637	-2.96475375511416	1.05117696430697
0.02	0.04	0.000251362593290369	0.000393942495754424	71143	-2.85132233670214	1.01804492683591
0.02	0.04	0.000393942495754424	0.000689784071096414	70114	-2.69937979576119	0.994354138898126
0.02	0.04	0.000689784071096414	0.00176919664411648	71225	-2.45161367497366	0.970014800628114
0.02	0.04	0.00176919664411648	1.1258259270257	74213	-1.81886123724953	0.904274768137631
0.04	0.06	0	5.18556330379426e-06	42842	-3.31281935950704	1.58821044144562
0.04	0.06	5.18556330379426e-06	3.03586740994656e-05	47312	-3.18882634426781	1.26419264844484
0.04	0.06	3.03586740994656e-05	6.53253569682131e-05	50019	-3.09475571282915	1.16121635302403
0.04	0.06	6.53253569682131e-05	0.000108669489167559	48811	-2.87145127122984	1.09330977344103
0.04	0.06	0.000108669489167559	0.000166675797815345	47546	-2.77376845581121	1.02588390603514
0.04	0.06	0.000166675797815345	0.000251362593290369	47439	-2.64418598621387	1.01613628753591
0.04	0.06	0.000251362593290369	0.000393942495754424	46500	-2.53184027956988	0.991330210648814
0.04	0.06	0.000393942495754424	0.000689784071096414	46683	-2.38918801276696	0.961928636223612
0.04	0.06	0.000689784071096414	0.00176919664411648	47928	-2.15501667083959	0.925209466173844
0.04	0.06	0.00176919664411648	1.1258259270257	48737	-1.59008311960111	0.854727860919485
0.06	0.08	0	5.18556330379426e-06	34405	-2.98773152158116	1.55324548261752
0.06	0.08	5.18556330379426e-06	3.03586740994656e-05	36695	-2.91117661806787	1.22049818359736
0.06	0.08	3.03586740994656e-05	6.53253569682131e-05	37117	-2.78605094700541	1.1243006216679
0.06	0.08	6.53253569682131e-05	0.000108669489167559	35677	-2.61205563808614	1.05191759544579
0.06	0.08	0.000108669489167559	0.000166675797815345	37511	-2.4981418517235	1.01180504680403
0.06	0.08	0.000166675797815345	0.000251362593290369	36249	-2.37672862699661	0.999376348117771
0.06	0.08	0.000251362593290369	0.000393942495754424	35932	-2.28418432038294	0.948348465788954
0.06	0.08	0.000393942495754424	0.000689784071096414	36538	-2.1417889594395	0.925667238853956
0.06	0.08	0.000689784071096414	0.00176919664411648	35747	-1.92136937365376	0.874868309786861
0.06	0.08	0.00176919664411648	1.1258259270257	36080	-1.39789307095343	0.786320445349528
0.08	0.1	0	5.18556330379426e-06	27052	-2.6700100177436	1.48554681947846
0.08	0.1	5.18556330379426e-06	3.03586740994656e-05	28698	-2.60469565823402	1.19872558348152
0.08	0.1	3.03586740994656e-05	6.53253569682131e-05	29962	-2.55687847940722	1.07293005565465
0.08	0.1	6.53253569682131e-05	0.000108669489167559	30118	-2.35458313965074	1.03702536256054
0.08	0.1	0.000108669489167559	0.000166675797815345	29799	-2.26054397798582	0.989361372791615
0.08	0.1	0.000166675797815345	0.000251362593290369	29511	-2.14163051065705	0.941902935725497
0.08	0.1	0.000251362593290369	0.000393942495754424	29814	-2.07074961427516	0.928066224131888
0.08	0.1	0.000393942495754424	0.000689784071096414	30006	-1.92192768113044	0.877803413164689
0.08	0.1	0.000689784071096414	0.00176919664411648	29413	-1.73208115459151	0.842810489811015
0.08	0.1	0.00176919664411648	1.1258259270257	29424	-1.24100180125068	0.751506263560753
0.1	0.12	0	5.18556330379426e-06	22796	-2.50237212668889	1.36878357442788
0.1	0.12	5.18556330379426e-06	3.03586740994656e-05	24414	-2.40915675432129	1.14400271334073
0.1	0.12	3.03586740994656e-05	6.53253569682131e-05	25215	-2.30998207416221	1.03204745481617
0.1	0.12	6.53253569682131e-05	0.000108669489167559	25269	-2.18773627765247	1.00693871272244
0.1	0.12	0.000108669489167559	0.000166675797815345	25163	-2.06548396455114	0.962244821914197
0.1	0.12	0.000166675797815345	0.000251362593290369	24919	-1.97848384766645	0.92822601638444
0.1	0.12	0.000251362593290369	0.000393942495754424	25412	-1.88098662049426	0.896109179959707
0.1	0.12	0.000393942495754424	0.000689784071096414	25983	-1.76259966131702	0.861453425361648
0.1	0.12	0.000689784071096414	0.00176919664411648	25408	-1.56077050535265	0.807141875993753
0.1	0.12	0.00176919664411648	1.1258259270257	25042	-1.12205347017011	0.719014462655814
0.12	0.14	0	5.18556330379426e-06	21845	-2.29350652323188	1.40928968723833
0.12	0.14	5.18556330379426e-06	3.03586740994656e-05	22289	-2.18462636277986	1.094400149899
0.12	0.14	3.03586740994656e-05	6.53253569682131e-05	22969	-2.1178586790892	1.04626948082681
0.12	0.14	6.53253569682131e-05	0.000108669489167559	22368	-1.99218369992848	0.958555560637011
0.12	0.14	0.000108669489167559	0.000166675797815345	22273	-1.90795290261752	0.941280029821097
0.12	0.14	0.000166675797815345	0.000251362593290369	22582	-1.82421995394562	0.914058244728988
0.12	0.14	0.000251362593290369	0.000393942495754424	22987	-1.70573789533215	0.861594587279608
0.12	0.14	0.000393942495754424	0.000689784071096414	22704	-1.60704770084566	0.839840236445036
0.12	0.14	0.000689784071096414	0.00176919664411648	22611	-1.43935898456503	0.794570051141388
0.12	0.14	0.00176919664411648	1.1258259270257	22428	-1.01161293918317	0.7011977814162
0.14	0.16	0	5.18556330379426e-06	19166	-2.10274345194615	1.35022394574206
0.14	0.16	5.18556330379426e-06	3.03586740994656e-05	20719	-2.0709145229017	1.11575275501796
0.14	0.16	3.03586740994656e-05	6.53253569682131e-05	20010	-1.95676466766617	1.02463150862308
0.14	0.16	6.53253569682131e-05	0.000108669489167559	20809	-1.85792258157528	0.959210318008177
0.14	0.16	0.000108669489167559	0.000166675797815345	20732	-1.74996010997492	0.928786097534452
0.14	0.16	0.000166675797815345	0.000251362593290369	20553	-1.6735110689437	0.890381440923597
0.14	0.16	0.000251362593290369	0.000393942495754424	20463	-1.59225182035869	0.861694270381286
0.14	0.16	0.000393942495754424	0.000689784071096414	20851	-1.47125543139418	0.830808999614478
0.14	0.16	0.000689784071096414	0.00176919664411648	20506	-1.3191469326051	0.769995529879704
0.14	0.16	0.00176919664411648	1.1258259270257	19724	-0.93239677550192	0.677003623807757
0.16	0.18	0	5.18556330379426e-06	18495	-1.88674214652609	1.29255324893615
0.16	0.18	5.18556330379426e-06	3.03586740994656e-05	19202	-1.87984428705343	1.04537637880666
0.16	0.18	3.03586740994656e-05	6.53253569682131e-05	18278	-1.81051914870335	1.02318790584148
0.16	0.18	6.53253569682131e-05	0.000108669489167559	18893	-1.69559826390728	0.925792314868786
0.16	0.18	0.000108669489167559	0.000166675797815345	18555	-1.60795020210185	0.898704520541247
0.16	0.18	0.000166675797815345	0.000251362593290369	19196	-1.56897817253595	0.886866499512762
0.16	0.18	0.000251362593290369	0.000393942495754424	19385	-1.49425643538818	0.836964438571393
0.16	0.18	0.000393942495754424	0.000689784071096414	18229	-1.38660513467553	0.821786011516993
0.16	0.18	0.000689784071096414	0.00176919664411648	18703	-1.24193396781265	0.765982704124842
0.16	0.18	0.00176919664411648	1.1258259270257	17977	-0.854101407353843	0.662597939462516
0.18	0.2	0	5.18556330379426e-06	17786	-1.77522208478578	1.20925640877939
0.18	0.2	5.18556330379426e-06	3.03586740994656e-05	16687	-1.77930940252892	1.04015254062866
0.18	0.2	3.03586740994656e-05	6.53253569682131e-05	16711	-1.71135742923822	0.998364227476466
0.18	0.2	6.53253569682131e-05	0.000108669489167559	16533	-1.57344444444445	0.935388658229428
0.18	0.2	0.000108669489167559	0.000166675797815345	16794	-1.4945591282601	0.906194627822659
0.18	0.2	0.000166675797815345	0.000251362593290369	17289	-1.41623934293481	0.865847773468787
0.18	0.2	0.000251362593290369	0.000393942495754424	17423	-1.38919055271767	0.832244940502574
0.18	0.2	0.000393942495754424	0.000689784071096414	17246	-1.29039922300824	0.818677817933687
0.18	0.2	0.000689784071096414	0.00176919664411648	17464	-1.16244107879066	0.770803044426565
0.18	0.2	0.00176919664411648	1.1258259270257	16591	-0.820993610993912	0.653384395569624
0.2	0.22	0	5.18556330379426e-06	16461	-1.62592728266813	1.20283424649523
0.2	0.22	5.18556330379426e-06	3.03586740994656e-05	16630	-1.62375670475045	1.04765609350283
0.2	0.22	3.03586740994656e-05	6.53253569682131e-05	15729	-1.56004831839278	1.00342423842981
0.2	0.22	6.53253569682131e-05	0.000108669489167559	16167	-1.41344355786479	0.936445896528588
0.2	0.22	0.000108669489167559	0.000166675797815345	15755	-1.40913221199619	0.903290560584797
0.2	0.22	0.000166675797815345	0.000251362593290369	16653	-1.34261082087312	0.869996447512432
0.2	0.22	0.000251362593290369	0.000393942495754424	16264	-1.27885022134776	0.847490797287722
0.2	0.22	0.000393942495754424	0.000689784071096414	16304	-1.20636273307164	0.796382776227006
0.2	0.22	0.000689784071096414	0.00176919664411648	16064	-1.07136640936255	0.762636434533353
0.2	0.22	0.00176919664411648	1.1258259270257	15170	-0.757262162162164	0.64386865214451
0.22	0.24	0	5.18556330379426e-06	15050	-1.50710438538206	1.12033616348455
0.22	0.24	5.18556330379426e-06	3.03586740994656e-05	15276	-1.53596183555904	0.997493775712876
0.22	0.24	3.03586740994656e-05	6.53253569682131e-05	15149	-1.49062070103637	0.96622404614597
0.22	0.24	6.53253569682131e-05	0.000108669489167559	14969	-1.40189952568643	0.907049027816035
0.22	0.24	0.000108669489167559	0.000166675797815345	14794	-1.3270211572259	0.898226624019949
0.22	0.24	0.000166675797815345	0.000251362593290369	15085	-1.23548186940669	0.86175107832551
0.22	0.24	0.000251362593290369	0.000393942495754424	15336	-1.22554864371414	0.83133568854193
0.22	0.24	0.000393942495754424	0.000689784071096414	15676	-1.14918116866547	0.811491078151225
0.22	0.24	0.000689784071096414	0.00176919664411648	15209	-1.03775277796042	0.752966013068461
0.22	0.24	0.00176919664411648	1.1258259270257	14486	-0.729369943393619	0.643560398916633
0.24	0.26	0	5.18556330379426e-06	14194	-1.41720262082571	1.21362275412798
0.24	0.26	5.18556330379426e-06	3.03586740994656e-05	13591	-1.43430946950187	1.03264028487055
0.24	0.26	3.03586740994656e-05	6.53253569682131e-05	14001	-1.37852053424755	0.967098259461422
0.24	0.26	6.53253569682131e-05	0.000108669489167559	13800	-1.2748531884058	0.939912014042581
0.24	0.26	0.000108669489167559	0.000166675797815345	13955	-1.24679512719455	0.90715608132699
0.24	0.26	0.000166675797815345	0.000251362593290369	14189	-1.16528853337092	0.878162297352984
0.24	0.26	0.000251362593290369	0.000393942495754424	14312	-1.11587143655674	0.841700083294248
0.24	0.26	0.000393942495754424	0.000689784071096414	14226	-1.07234015183466	0.80404338204556
0.24	0.26	0.000689784071096414	0.00176919664411648	14081	-0.951479156309922	0.759793385030126
0.24	0.26	0.00176919664411648	1.1258259270257	13731	-0.679178355545845	0.643743497648929
0.26	0.28	0	5.18556330379426e-06	14234	-1.32150119432346	1.09091185544448
0.26	0.28	5.18556330379426e-06	3.03586740994656e-05	13832	-1.28315644881435	1.01304006687701
0.26	0.28	3.03586740994656e-05	6.53253569682131e-05	12685	-1.26777020102483	0.966405742134627
0.26	0.28	6.53253569682131e-05	0.000108669489167559	13626	-1.17184977249376	0.94979498494677
0.26	0.28	0.000108669489167559	0.000166675797815345	13331	-1.12994674067962	0.901955405079502
0.26	0.28	0.000166675797815345	0.000251362593290369	13481	-1.09378488242712	0.863306385871878
0.26	0.28	0.000251362593290369	0.000393942495754424	13385	-1.06705752708256	0.842822497729877
0.26	0.28	0.000393942495754424	0.000689784071096414	13574	-1.01488190658613	0.799030749308527
0.26	0.28	0.000689784071096414	0.00176919664411648	13512	-0.888653567199525	0.762174907352233
0.26	0.28	0.00176919664411648	1.1258259270257	12447	-0.628328914597896	0.636993822919328
0.28	0.3	0	5.18556330379426e-06	13940	-1.29235638450502	1.10483449901412
0.28	0.3	5.18556330379426e-06	3.03586740994656e-05	13007	-1.24893042208042	0.98468920013087
0.28	0.3	3.03586740994656e-05	6.53253569682131e-05	11659	-1.20988858392658	0.950855296479025
0.28	0.3	6.53253569682131e-05	0.000108669489167559	12768	-1.12870731516291	0.895490458909893
0.28	0.3	0.000108669489167559	0.000166675797815345	12679	-1.06643473460052	0.899185853724363
0.28	0.3	0.000166675797815345	0.000251362593290369	12469	-1.04219640708958	0.87367159944853
0.28	0.3	0.000251362593290369	0.000393942495754424	12660	-1.01348025276462	0.842800926585562
0.28	0.3	0.000393942495754424	0.000689784071096414	12776	-0.947973935504071	0.814733948882389
0.28	0.3	0.000689784071096414	0.00176919664411648	12831	-0.846315641805005	0.751856567661669
0.28	0.3	0.00176919664411648	1.1258259270257	11799	-0.610794813119756	0.635147267478337
0.3	0.32	0	5.18556330379426e-06	14459	-1.07013590151463	1.14391885262875
0.3	0.32	5.18556330379426e-06	3.03586740994656e-05	12157	-1.19084461627046	0.981039772469075
0.3	0.32	3.03586740994656e-05	6.53253569682131e-05	12540	-1.08741267942584	0.928888887449525
0.3	0.32	6.53253569682131e-05	0.000108669489167559	12795	-1.08229691285658	0.930004069230042
0.3	0.32	0.000108669489167559	0.000166675797815345	12217	-0.974794875992471	0.930284325527845
0.3	0.32	0.000166675797815345	0.000251362593290369	12451	-0.943444301662526	0.85449197270397
0.3	0.32	0.000251362593290369	0.000393942495754424	12222	-0.94454074619538	0.833490223383533
0.3	0.32	0.000393942495754424	0.000689784071096414	12224	-0.871501963350778	0.831007804239587
0.3	0.32	0.000689784071096414	0.00176919664411648	11619	-0.785371976934331	0.770007994623945
0.3	0.32	0.00176919664411648	1.1258259270257	11354	-0.545674828254359	0.629107285103818
0.32	0.34	0	5.18556330379426e-06	12898	-0.952079082028219	1.13956249286484
0.32	0.34	5.18556330379426e-06	3.03586740994656e-05	12035	-1.0345740756128	0.998643228692989
0.32	0.34	3.03586740994656e-05	6.53253569682131e-05	10772	-0.988668213887856	0.96012887611508
0.32	0.34	6.53253569682131e-05	0.000108669489167559	11845	-0.953529928239763	0.918744342139941
0.32	0.34	0.000108669489167559	0.000166675797815345	11681	-0.884791627429158	0.907850913550616
0.32	0.34	0.000166675797815345	0.000251362593290369	11396	-0.886228325728324	0.900116622832354
0.32	0.34	0.000251362593290369	0.000393942495754424	11344	-0.873277062764459	0.837827991788083
0.32	0.34	0.000393942495754424	0.000689784071096414	11409	-0.810408975370323	0.825906441863642
0.32	0.34	0.000689784071096414	0.00176919664411648	11140	-0.735345960502695	0.751440285942112
0.32	0.34	0.00176919664411648	1.1258259270257	10781	-0.529324366941844	0.635388991243763
0.34	0.36	0	5.18556330379426e-06	12318	-1.00177195973372	1.15315577489143
0.34	0.36	5.18556330379426e-06	3.03586740994656e-05	11343	-0.934421934232567	1.03081659582355
0.34	0.36	3.03586740994656e-05	6.53253569682131e-05	10746	-0.906790154476086	0.973334591527289
0.34	0.36	6.53253569682131e-05	0.000108669489167559	10420	-0.853813723608441	0.968424869886556
0.34	0.36	0.000108669489167559	0.000166675797815345	10615	-0.777565237870938	0.950965960195134
0.34	0.36	0.000166675797815345	0.000251362593290369	10924	-0.790642164042476	0.908713841916599
0.34	0.36	0.000251362593290369	0.000393942495754424	10708	-0.808408573029511	0.852546423416804
0.34	0.36	0.000393942495754424	0.000689784071096414	11180	-0.748723792486583	0.851759673644474
0.34	0.36	0.000689784071096414	0.00176919664411648	10645	-0.695693940817282	0.778326738414194
0.34	0.36	0.00176919664411648	1.1258259270257	10345	-0.480910294828419	0.633678520695041
0.36	0.38	0	5.18556330379426e-06	11968	-0.860475768716575	1.12962399604409
0.36	0.38	5.18556330379426e-06	3.03586740994656e-05	10809	-0.869165695253956	1.05363225904054
0.36	0.38	3.03586740994656e-05	6.53253569682131e-05	9805	-0.846195308516062	0.965589817961447
0.36	0.38	6.53253569682131e-05	0.000108669489167559	10429	-0.819237990219581	0.925220799350954
0.36	0.38	0.000108669489167559	0.000166675797815345	10391	-0.731496679819072	0.927210185226427
0.36	0.38	0.000166675797815345	0.000251362593290369	10225	-0.751353838630806	0.887001567359398
0.36	0.38	0.000251362593290369	0.000393942495754424	10349	-0.762023190646442	0.861489470561824
0.36	0.38	0.000393942495754424	0.000689784071096414	10438	-0.69984297758191	0.835088196441544
0.36	0.38	0.000689784071096414	0.00176919664411648	10207	-0.657754188302144	0.774539203832455
0.36	0.38	0.00176919664411648	1.1258259270257	9690	-0.456845407636739	0.639769908809768
0.38	0.4	0	5.18556330379426e-06	11237	-0.805438373231289	1.04871906332361
0.38	0.4	5.18556330379426e-06	3.03586740994656e-05	9416	-0.819417056074764	0.942258306640717
0.38	0.4	3.03586740994656e-05	6.53253569682131e-05	9987	-0.870359267047159	0.960225767217601
0.38	0.4	6.53253569682131e-05	0.000108669489167559	10063	-0.730786942263739	0.921212224707276
0.38	0.4	0.000108669489167559	0.000166675797815345	10057	-0.743192204434719	0.918748808790747
0.38	0.4	0.000166675797815345	0.000251362593290369	10224	-0.722832061815335	0.889742889235723
0.38	0.4	0.000251362593290369	0.000393942495754424	10202	-0.675859439325625	0.865345047942396
0.38	0.4	0.000393942495754424	0.000689784071096414	9887	-0.658029837159904	0.852615719929399
0.38	0.4	0.000689784071096414	0.00176919664411648	9767	-0.571090304085182	0.789856589737797
0.38	0.4	0.00176919664411648	1.1258259270257	9509	-0.440209170259753	0.636445131030809
0.4	0.42	0	5.18556330379426e-06	10752	-0.771547619047622	1.13613963833641
0.4	0.42	5.18556330379426e-06	3.03586740994656e-05	9575	-0.758686579634465	1.05547283360993
0.4	0.42	3.03586740994656e-05	6.53253569682131e-05	9290	-0.647049085037678	1.01481086428983
0.4	0.42	6.53253569682131e-05	0.000108669489167559	9627	-0.704721720162047	0.931484051543836
0.4	0.42	0.000108669489167559	0.000166675797815345	9490	-0.680582613277135	0.933232791718069
0.4	0.42	0.000166675797815345	0.000251362593290369	9868	-0.644494325091205	0.920062828319541
0.4	0.42	0.000251362593290369	0.000393942495754424	9472	-0.634244404560812	0.876316259096851
0.4	0.42	0.000393942495754424	0.000689784071096414	9523	-0.623308411214954	0.850488485555086
0.4	0.42	0.000689784071096414	0.00176919664411648	9246	-0.559304023361455	0.781957717648037
0.4	0.42	0.00176919664411648	1.1258259270257	9149	-0.403595584216852	0.644339302051058
0.42	0.44	0	5.18556330379426e-06	10326	-0.541080960681774	1.14657365856281
0.42	0.44	5.18556330379426e-06	3.03586740994656e-05	9808	-0.623955444535073	1.02869111157404
0.42	0.44	3.03586740994656e-05	6.53253569682131e-05	9368	-0.687846071733564	0.967735629354605
0.42	0.44	6.53253569682131e-05	0.000108669489167559	9168	-0.602455933682374	0.956237079413402
0.42	0.44	0.000108669489167559	0.000166675797815345	9696	-0.604535581683166	0.971093011136904
0.42	0.44	0.000166675797815345	0.000251362593290369	9607	-0.5903954408244	0.88730579783967
0.42	0.44	0.000251362593290369	0.000393942495754424	9432	-0.57608163698049	0.867321478851275
0.42	0.44	0.000393942495754424	0.000689784071096414	9201	-0.534500163025758	0.858528486540232
0.42	0.44	0.000689784071096414	0.00176919664411648	8959	-0.512371581649738	0.800470723869897
0.42	0.44	0.00176919664411648	1.1258259270257	8750	-0.388601257142857	0.645886739603919
0.44	0.46	0	5.18556330379426e-06	9286	-0.494545121688563	1.03490695975892
0.44	0.46	5.18556330379426e-06	3.03586740994656e-05	8790	-0.559341524459615	0.997576642731305
0.44	0.46	3.03586740994656e-05	6.53253569682131e-05	9243	-0.540614951855458	0.934319692895366
0.44	0.46	6.53253569682131e-05	0.000108669489167559	8906	-0.594795081967211	0.946599406203769
0.44	0.46	0.000108669489167559	0.000166675797815345	9122	-0.61289530804648	0.920507381255145
0.44	0.46	0.000166675797815345	0.000251362593290369	9071	-0.566022048285744	0.930389411992751
0.44	0.46	0.000251362593290369	0.000393942495754424	8952	-0.537034182305631	0.876070579277089
0.44	0.46	0.000393942495754424	0.000689784071096414	8700	-0.499883793103447	0.857569612010021
0.44	0.46	0.000689784071096414	0.00176919664411648	8581	-0.469455075166063	0.809709437937332
0.44	0.46	0.00176919664411648	1.1258259270257	8634	-0.365509728978458	0.651249488426257
0.46	0.48	0	5.18556330379426e-06	10289	-0.470359607347653	1.03552932486004
0.46	0.48	5.18556330379426e-06	3.03586740994656e-05	8617	-0.445310084716257	1.01130998395216
0.46	0.48	3.03586740994656e-05	6.53253569682131e-05	9023	-0.460685248808599	0.99862616081113
0.46	0.48	6.53253569682131e-05	0.000108669489167559	8349	-0.491879626302553	0.935970925335999
0.46	0.48	0.000108669489167559	0.000166675797815345	8880	-0.503322072072072	0.917160713873572
0.46	0.48	0.000166675797815345	0.000251362593290369	8539	-0.443721395948003	0.89221097899422
0.46	0.48	0.000251362593290369	0.000393942495754424	8768	-0.434370780109489	0.886524371287511
0.46	0.48	0.000393942495754424	0.000689784071096414	8356	-0.461055528961223	0.864353908986472
0.46	0.48	0.000689784071096414	0.00176919664411648	8338	-0.428487766850566	0.802967870847618
0.46	0.48	0.00176919664411648	1.1258259270257	8179	-0.325411419488934	0.651141914584685
0.48	0.5	0	5.18556330379426e-06	9451	-0.277135012168026	1.11744629158363
0.48	0.5	5.18556330379426e-06	3.03586740994656e-05	8379	-0.397013486096193	1.02040831359771
0.48	0.5	3.03586740994656e-05	6.53253569682131e-05	7587	-0.372556873599579	0.959333987585946
0.48	0.5	6.53253569682131e-05	0.000108669489167559	8301	-0.365088182146733	0.957191028097926
0.48	0.5	0.000108669489167559	0.000166675797815345	8675	-0.392463515850143	0.965992937221424
0.48	0.5	0.000166675797815345	0.000251362593290369	8374	-0.39019202292811	0.902322299256864
0.48	0.5	0.000251362593290369	0.000393942495754424	8499	-0.378870925991292	0.877194866879298
0.48	0.5	0.000393942495754424	0.000689784071096414	8173	-0.389866022268445	0.888394736212018
0.48	0.5	0.000689784071096414	0.00176919664411648	8068	-0.358679474467031	0.821314130280014
0.48	0.5	0.00176919664411648	1.1258259270257	7682	-0.30448607133559	0.661530562558142
0.5	0.52	0	5.18556330379426e-06	6916	-0.390106709080392	1.0880443321516
0.5	0.52	5.18556330379426e-06	3.03586740994656e-05	6017	-0.310139936845605	0.954025467226404
0.5	0.52	3.03586740994656e-05	6.53253569682131e-05	5671	-0.428152354082173	0.945758419322228
0.5	0.52	6.53253569682131e-05	0.000108669489167559	5977	-0.398384975740338	0.909793505556516
0.5	0.52	0.000108669489167559	0.000166675797815345	6193	-0.340129823994832	0.936673795424257
0.5	0.52	0.000166675797815345	0.000251362593290369	6115	-0.351554538021259	0.913686582752383
0.5	0.52	0.000251362593290369	0.000393942495754424	6100	-0.356202459016392	0.897550585269386
0.5	0.52	0.000393942495754424	0.000689784071096414	5988	-0.374113894455578	0.85980891813318
0.5	0.52	0.000689784071096414	0.00176919664411648	6043	-0.371960450107564	0.807889532535521
0.5	0.52	0.00176919664411648	1.1258259270257	5698	-0.285039838539838	0.686006473628377
0.52	0.54	0	5.18556330379426e-06	8973	-0.158019391507857	1.04362345947668
0.52	0.54	5.18556330379426e-06	3.03586740994656e-05	7973	-0.231025837200552	1.03218039089221
0.52	0.54	3.03586740994656e-05	6.53253569682131e-05	7809	-0.268900755538481	1.02151160782379
0.52	0.54	6.53253569682131e-05	0.000108669489167559	7475	-0.305421137123747	0.929207760901455
0.52	0.54	0.000108669489167559	0.000166675797815345	8185	-0.281623213194869	0.956541151664503
0.52	0.54	0.000166675797815345	0.000251362593290369	7825	-0.295655079872205	0.89821854578345
0.52	0.54	0.000251362593290369	0.000393942495754424	7851	-0.291264934403262	0.884724686741296
0.52	0.54	0.000393942495754424	0.000689784071096414	7635	-0.314159921414539	0.8866234183106
0.52	0.54	0.000689784071096414	0.00176919664411648	7585	-0.307339485827291	0.809959525446681
0.52	0.54	0.00176919664411648	1.1258259270257	7506	-0.25466067146283	0.655529420100235
0.54	0.56	0	5.18556330379426e-06	8376	-0.206494627507165	1.05117669978938
0.54	0.56	5.18556330379426e-06	3.03586740994656e-05	7359	-0.16361244734339	1.0192875688251
0.54	0.56	3.03586740994656e-05	6.53253569682131e-05	7741	-0.201789949618912	0.943421723778074
0.54	0.56	6.53253569682131e-05	0.000108669489167559	7532	-0.196478757302177	0.976171273672764
0.54	0.56	0.000108669489167559	0.000166675797815345	7629	-0.216002752654345	0.988452295431479
0.54	0.56	0.000166675797815345	0.000251362593290369	7661	-0.234841665578906	0.95220643036242
0.54	0.56	0.000251362593290369	0.000393942495754424	7537	-0.220406660474991	0.910609290712812
0.54	0.56	0.000393942495754424	0.000689784071096414	7541	-0.272980904389337	0.873430956312134
0.54	0.56	0.000689784071096414	0.00176919664411648	7428	-0.234852180936996	0.82064330820511
0.54	0.56	0.00176919664411648	1.1258259270257	7423	-0.215931968206925	0.65870558853237
0.56	0.58	0	5.18556330379426e-06	7955	-0.0568139534883722	1.12157935845438
0.56	0.58	5.18556330379426e-06	3.03586740994656e-05	7311	-0.113491998358638	1.03855917143384
0.56	0.58	3.03586740994656e-05	6.53253569682131e-05	6937	-0.152231800490126	0.991081916365096
0.56	0.58	6.53253569682131e-05	0.000108669489167559	7354	-0.160525020397063	0.962101993487136
0.56	0.58	0.000108669489167559	0.000166675797815345	7131	-0.200499228719675	0.948151082074157
0.56	0.58	0.000166675797815345	0.000251362593290369	7438	-0.15579187953751	0.884493271860704
0.56	0.58	0.000251362593290369	0.000393942495754424	7148	-0.171597369893676	0.86490739968072
0.56	0.58	0.000393942495754424	0.000689784071096414	7352	-0.19814309031556	0.8681848585654
0.56	0.58	0.000689784071096414	0.00176919664411648	7007	-0.18144955044955	0.828851598476755
0.56	0.58	0.00176919664411648	1.1258259270257	7003	-0.19521690703984	0.665546565619586
0.58	0.6	0	5.18556330379426e-06	7909	0.0991206220761163	1.16156524113981
0.58	0.6	5.18556330379426e-06	3.03586740994656e-05	6992	0.018304061784897	1.05416249551597
0.58	0.6	3.03586740994656e-05	6.53253569682131e-05	6977	-0.0834135015049448	0.996661386552614
0.58	0.6	6.53253569682131e-05	0.000108669489167559	7284	-0.0726312465678199	0.969976845642777
0.58	0.6	0.000108669489167559	0.000166675797815345	7147	-0.0520621239680986	0.961201093081038
0.58	0.6	0.000166675797815345	0.000251362593290369	7276	-0.101660527762507	0.934536349051269
0.58	0.6	0.000251362593290369	0.000393942495754424	7300	-0.116548767123288	0.902506336131188
0.58	0.6	0.000393942495754424	0.000689784071096414	7114	-0.130695529940962	0.895224894834839
0.58	0.6	0.000689784071096414	0.00176919664411648	6787	-0.125247826727567	0.818412584121139
0.58	0.6	0.00176919664411648	1.1258259270257	6902	-0.15764734859461	0.65397808502825
0.6	0.62	0	5.18556330379426e-06	8203	0.197019505059123	1.11589267459476
0.6	0.62	5.18556330379426e-06	3.03586740994656e-05	6700	0.0847429850746262	1.08580495924767
0.6	0.62	3.03586740994656e-05	6.53253569682131e-05	6942	0.0737445980985308	1.05544907220096
0.6	0.62	6.53253569682131e-05	0.000108669489167559	6777	0.0137644975652943	0.959837757786107
0.6	0.62	0.000108669489167559	0.000166675797815345	7085	-0.00780649258997893	0.972348901174708
0.6	0.62	0.000166675797815345	0.000251362593290369	6870	-0.00472125181950506	0.958253329941383
0.6	0.62	0.000251362593290369	0.000393942495754424	7071	-0.0496891528779521	0.899540937045004
0.6	0.62	0.000393942495754424	0.000689784071096414	6935	-0.0842449891852922	0.901338205892925
0.6	0.62	0.000689784071096414	0.00176919664411648	6754	-0.103449067219426	0.818188142401201
0.6	0.62	0.00176919664411648	1.1258259270257	6962	-0.116179833381213	0.667179118368858
0.62	0.64	0	5.18556330379426e-06	7754	0.113707118906371	1.13207032303043
0.62	0.64	5.18556330379426e-06	3.03586740994656e-05	7086	0.0844861699125032	1.07331193053657
0.62	0.64	3.03586740994656e-05	6.53253569682131e-05	6544	0.0520268948655253	1.05090418041002
0.62	0.64	6.53253569682131e-05	0.000108669489167559	6899	0.0266812581533556	0.976492877803562
0.62	0.64	0.000108669489167559	0.000166675797815345	7023	-0.0387566566994162	0.998829219016912
0.62	0.64	0.000166675797815345	0.000251362593290369	6825	0.0243371428571428	0.941963233611126
0.62	0.64	0.000251362593290369	0.000393942495754424	6721	0.047542330010415	0.918231277294697
0.62	0.64	0.000393942495754424	0.000689784071096414	6839	0.000132475508115228	0.88383182039751
0.62	0.64	0.000689784071096414	0.00176919664411648	6922	-0.0512110661658482	0.822500842541898
0.62	0.64	0.00176919664411648	1.1258259270257	6409	-0.0751973786862226	0.671014123324534
0.64	0.66	0	5.18556330379426e-06	7687	0.323124625991935	1.17932428547483
0.64	0.66	5.18556330379426e-06	3.03586740994656e-05	6462	0.207448313215722	1.09022215021829
0.64	0.66	3.03586740994656e-05	6.53253569682131e-05	6460	0.191408204334365	0.976540830633617
0.64	0.66	6.53253569682131e-05	0.000108669489167559	6798	0.0821857899382171	1.00808021663171
0.64	0.66	0.000108669489167559	0.000166675797815345	6505	0.0441303612605688	0.956007948684516
0.64	0.66	0.000166675797815345	0.000251362593290369	6692	0.0181359832635983	0.962558147725625
0.64	0.66	0.000251362593290369	0.000393942495754424	6331	0.0724885484125734	0.908949399433117
0.64	0.66	0.000393942495754424	0.000689784071096414	6828	0.0441955184534271	0.903626863489535
0.64	0.66	0.000689784071096414	0.00176919664411648	6760	0.0158292899408284	0.846660723825964
0.64	0.66	0.00176919664411648	1.1258259270257	6567	-0.048730013704888	0.674989722546084
0.66	0.68	0	5.18556330379426e-06	7403	0.272551127921114	1.16198527261045
0.66	0.68	5.18556330379426e-06	3.03586740994656e-05	6368	0.330786275125628	1.06251569259158
0.66	0.68	3.03586740994656e-05	6.53253569682131e-05	6147	0.284306328290224	1.0312511092547
0.66	0.68	6.53253569682131e-05	0.000108669489167559	6582	0.264911577028259	0.971592180820541
0.66	0.68	0.000108669489167559	0.000166675797815345	6710	0.187480923994039	0.97702752813703
0.66	0.68	0.000166675797815345	0.000251362593290369	6350	0.125141417322835	0.969801875592729
0.66	0.68	0.000251362593290369	0.000393942495754424	6320	0.183419778481013	0.926098066593832
0.66	0.68	0.000393942495754424	0.000689784071096414	6518	0.115893372200061	0.867758420246209
0.66	0.68	0.000689784071096414	0.00176919664411648	6272	0.0778831313775512	0.820173330481076
0.66	0.68	0.00176919664411648	1.1258259270257	6472	-0.00177024103831892	0.676340613492566
0.68	0.7	0	5.18556330379426e-06	7809	0.600189012677677	1.18967494091373
0.68	0.7	5.18556330379426e-06	3.03586740994656e-05	6192	0.551767603359174	1.1166801304504
0.68	0.7	3.03586740994656e-05	6.53253569682131e-05	6713	0.480396395054372	0.968140446138608
0.68	0.7	6.53253569682131e-05	0.000108669489167559	6556	0.404126754118364	1.01743639204059
0.68	0.7	0.000108669489167559	0.000166675797815345	6402	0.273043423930021	0.974302996345292
0.68	0.7	0.000166675797815345	0.000251362593290369	6268	0.255451818761966	0.922286218366794
0.68	0.7	0.000251362593290369	0.000393942495754424	6345	0.229547044917258	0.920922924472801
0.68	0.7	0.000393942495754424	0.000689784071096414	6474	0.190590670373803	0.887299555941406
0.68	0.7	0.000689784071096414	0.00176919664411648	6213	0.146829229035893	0.830076559496315
0.68	0.7	0.00176919664411648	1.1258259270257	6283	0.0210512494031514	0.669682109352182
0.7	0.72	0	5.18556330379426e-06	6181	0.720931079113412	1.19005356999434
0.7	0.72	5.18556330379426e-06	3.03586740994656e-05	6249	0.660864138262121	1.09714063089697
0.7	0.72	3.03586740994656e-05	6.53253569682131e-05	5715	0.50904391951006	1.00644666877619
0.7	0.72	6.53253569682131e-05	0.000108669489167559	5979	0.413005686569658	0.998470685550703
0.7	0.72	0.000108669489167559	0.000166675797815345	6125	0.373201959183676	0.974365247932011
0.7	0.72	0.000166675797815345	0.000251362593290369	6002	0.344686771076309	0.933878650735319
0.7	0.72	0.000251362593290369	0.000393942495754424	6086	0.331419815971081	0.937477713424078
0.7	0.72	0.000393942495754424	0.000689784071096414	6227	0.267031957603981	0.878151659862528
0.7	0.72	0.000689784071096414	0.00176919664411648	6335	0.200722336227308	0.843522020583304
0.7	0.72	0.00176919664411648	1.1258259270257	5997	0.097058696014674	0.672843453386455
0.72	0.74	0	5.18556330379426e-06	6411	0.765930744033698	1.14369343306579
0.72	0.74	5.18556330379426e-06	3.03586740994656e-05	6274	0.715877749442148	1.10214114463597
0.72	0.74	3.03586740994656e-05	6.53253569682131e-05	5978	0.622479089996658	0.986978956842122
0.72	0.74	6.53253569682131e-05	0.000108669489167559	6218	0.490631392730783	0.978589945785908
0.72	0.74	0.000108669489167559	0.000166675797815345	5890	0.484453480475381	0.986839901725487
0.72	0.74	0.000166675797815345	0.000251362593290369	6235	0.430896391339214	0.947177587842566
0.72	0.74	0.000251362593290369	0.000393942495754424	6141	0.377758508386257	0.927479543209959
0.72	0.74	0.000393942495754424	0.000689784071096414	5898	0.376940827399119	0.884085128761478
0.72	0.74	0.000689784071096414	0.00176919664411648	5993	0.265664608710161	0.820440160759516
0.72	0.74	0.00176919664411648	1.1258259270257	5823	0.11054216039842	0.667196124128543
0.74	0.76	0	5.18556330379426e-06	5378	0.707382112309406	1.2262865676897
0.74	0.76	5.18556330379426e-06	3.03586740994656e-05	5909	0.795979861228636	1.12570025513976
0.74	0.76	3.03586740994656e-05	6.53253569682131e-05	5458	0.758081531696592	1.04909023483239
0.74	0.76	6.53253569682131e-05	0.000108669489167559	5860	0.614625597269625	1.00509136453359
0.74	0.76	0.000108669489167559	0.000166675797815345	5652	0.590495753715498	0.98982558937454
0.74	0.76	0.000166675797815345	0.000251362593290369	5724	0.50216893780573	0.964076974264885
0.74	0.76	0.000251362593290369	0.000393942495754424	6098	0.486114791734995	0.918788105434278
0.74	0.76	0.000393942495754424	0.000689784071096414	6001	0.440563239460088	0.883697769248684
0.74	0.76	0.000689784071096414	0.00176919664411648	6078	0.351102171767028	0.83671689320812
0.74	0.76	0.00176919664411648	1.1258259270257	6082	0.185491943439659	0.676240195388521
0.76	0.78	0	5.18556330379426e-06	6078	0.997805857189865	1.19291558876862
0.76	0.78	5.18556330379426e-06	3.03586740994656e-05	6036	0.982353876739564	1.05285170616821
0.76	0.78	3.03586740994656e-05	6.53253569682131e-05	5848	0.860568912448701	1.01856728020178
0.76	0.78	6.53253569682131e-05	0.000108669489167559	5636	0.794097054648684	1.00570038615387
0.76	0.78	0.000108669489167559	0.000166675797815345	5673	0.67420165697162	0.985656531727689
0.76	0.78	0.000166675797815345	0.000251362593290369	6099	0.618033120183636	0.92602620279167
0.76	0.78	0.000251362593290369	0.000393942495754424	5827	0.589015273725757	0.930556383705191
0.76	0.78	0.000393942495754424	0.000689784071096414	6119	0.532476221604836	0.878336023234122
0.76	0.78	0.000689784071096414	0.00176919664411648	5924	0.447965226198512	0.8336494186238
0.76	0.78	0.00176919664411648	1.1258259270257	5834	0.241346074734316	0.694430466600334
0.78	0.8	0	5.18556330379426e-06	6260	1.02359345047923	1.27947416942927
0.78	0.8	5.18556330379426e-06	3.03586740994656e-05	6155	0.997510966693743	1.13639230516569
0.78	0.8	3.03586740994656e-05	6.53253569682131e-05	5753	0.846062402224923	1.08145818556592
0.78	0.8	6.53253569682131e-05	0.000108669489167559	5866	0.737401125127859	1.02279335869323
0.78	0.8	0.000108669489167559	0.000166675797815345	5446	0.771148916636062	0.99390465370077
0.78	0.8	0.000166675797815345	0.000251362593290369	5890	0.699490662139218	0.949324133479673
0.78	0.8	0.000251362593290369	0.000393942495754424	6032	0.643783322281167	0.907779216871057
0.78	0.8	0.000393942495754424	0.000689784071096414	5991	0.610611083291603	0.897109309482003
0.78	0.8	0.000689784071096414	0.00176919664411648	5967	0.482903636668342	0.831744512994378
0.78	0.8	0.00176919664411648	1.1258259270257	5933	0.264655486263273	0.687981748312002
0.8	0.82	0	5.18556330379426e-06	6036	1.19246520874752	1.32681149575523
0.8	0.82	5.18556330379426e-06	3.03586740994656e-05	5105	1.22996611165524	1.14889280310587
0.8	0.82	3.03586740994656e-05	6.53253569682131e-05	5475	1.08198136986301	1.09072033480527
0.8	0.82	6.53253569682131e-05	0.000108669489167559	5438	0.958285766826044	1.00205642390122
0.8	0.82	0.000108669489167559	0.000166675797815345	5644	0.875687455705177	1.00309769007869
0.8	0.82	0.000166675797815345	0.000251362593290369	5501	0.870355935284499	1.00070631956349
0.8	0.82	0.000251362593290369	0.000393942495754424	5764	0.831758674531575	0.919871193266391
0.8	0.82	0.000393942495754424	0.000689784071096414	5818	0.690797696803025	0.894536692515372
0.8	0.82	0.000689784071096414	0.00176919664411648	5921	0.627977030906941	0.861986344587962
0.8	0.82	0.00176919664411648	1.1258259270257	6027	0.335095735855317	0.698119902001508
0.82	0.84	0	5.18556330379426e-06	6231	1.44666891349703	1.36732973674374
0.82	0.84	5.18556330379426e-06	3.03586740994656e-05	5842	1.29328928449161	1.12701961958332
0.82	0.84	3.03586740994656e-05	6.53253569682131e-05	5507	1.17872998002542	1.05999709385934
0.82	0.84	6.53253569682131e-05	0.000108669489167559	5634	1.14534664536741	1.0039196830346
0.82	0.84	0.000108669489167559	0.000166675797815345	5581	1.03809102311414	0.975701059578768
0.82	0.84	0.000166675797815345	0.000251362593290369	5472	1.04136239035088	0.997940522886947
0.82	0.84	0.000251362593290369	0.000393942495754424	5723	0.946719727415693	0.933012925749691
0.82	0.84	0.000393942495754424	0.000689784071096414	5743	0.790296360787045	0.939127259206845
0.82	0.84	0.000689784071096414	0.00176919664411648	5954	0.709458347329526	0.821500859841095
0.82	0.84	0.00176919664411648	1.1258259270257	5954	0.411661068189453	0.69230834189297
0.84	0.86	0	5.18556330379426e-06	5657	1.66914530669966	1.38400318351506
0.84	0.86	5.18556330379426e-06	3.03586740994656e-05	5820	1.52311855670103	1.19392247218942
0.84	0.86	3.03586740994656e-05	6.53253569682131e-05	5912	1.33145771312585	1.10682766645916
0.84	0.86	6.53253569682131e-05	0.000108669489167559	5729	1.24115133531157	1.04507395806558
0.84	0.86	0.000108669489167559	0.000166675797815345	5742	1.24505381400209	1.05023163214862
0.84	0.86	0.000166675797815345	0.000251362593290369	5551	1.10886164655017	0.981023010056483
0.84	0.86	0.000251362593290369	0.000393942495754424	5801	1.05870832615067	0.945791282698745
0.84	0.86	0.000393942495754424	0.000689784071096414	6030	0.949221558872303	0.902051781488482
0.84	0.86	0.000689784071096414	0.00176919664411648	6021	0.789004318219565	0.845373725163785
0.84	0.86	0.00176919664411648	1.1258259270257	6122	0.477744037896112	0.725718070493929
0.86	0.88	0	5.18556330379426e-06	6060	1.86592772277229	1.52807051710823
0.86	0.88	5.18556330379426e-06	3.03586740994656e-05	5940	1.5164728956229	1.17190984827314
0.86	0.88	3.03586740994656e-05	6.53253569682131e-05	5591	1.4981182257199	1.0640767256871
0.86	0.88	6.53253569682131e-05	0.000108669489167559	5444	1.42427920646583	1.02701041456424
0.86	0.88	0.000108669489167559	0.000166675797815345	5432	1.36386174521355	1.08531491358071
0.86	0.88	0.000166675797815345	0.000251362593290369	5399	1.24706482681979	1.02980571117189
0.86	0.88	0.000251362593290369	0.000393942495754424	5858	1.15537965175828	0.966067211536456
0.86	0.88	0.000393942495754424	0.000689784071096414	5805	1.08144530577089	0.92518304183746
0.86	0.88	0.000689784071096414	0.00176919664411648	6023	0.933117217333554	0.879467363492313
0.86	0.88	0.00176919664411648	1.1258259270257	6317	0.59112505936362	0.741869571156865
0.88	0.9	0	5.18556330379426e-06	5692	2.06780815179198	1.44277114656373
0.88	0.9	5.18556330379426e-06	3.03586740994656e-05	5832	1.85705692729766	1.17686736023553
0.88	0.9	3.03586740994656e-05	6.53253569682131e-05	5693	1.79253469172668	1.08595341431396
0.88	0.9	6.53253569682131e-05	0.000108669489167559	5477	1.59194047836407	1.09319011902763
0.88	0.9	0.000108669489167559	0.000166675797815345	5756	1.54685389159138	1.04066210596314
0.88	0.9	0.000166675797815345	0.000251362593290369	5541	1.51178000360946	1.0222401830517
0.88	0.9	0.000251362593290369	0.000393942495754424	5729	1.38507366032466	0.968887903404576
0.88	0.9	0.000393942495754424	0.000689784071096414	5865	1.28679880647912	0.92086399652766
0.88	0.9	0.000689784071096414	0.00176919664411648	6262	1.06085883104439	0.873118021560095
0.88	0.9	0.00176919664411648	1.1258259270257	6343	0.662179883335961	0.741446848083193
0.9	0.92	0	5.18556330379426e-06	5505	2.02934495912807	1.49842178614251
0.9	0.92	5.18556330379426e-06	3.03586740994656e-05	5822	2.01873806252148	1.33374947375562
0.9	0.92	3.03586740994656e-05	6.53253569682131e-05	6570	2.06512374429224	1.11672950284451
0.9	0.92	6.53253569682131e-05	0.000108669489167559	5867	1.85059911368673	1.07813363054772
0.9	0.92	0.000108669489167559	0.000166675797815345	6119	1.82048128779212	1.0404273284383
0.9	0.92	0.000166675797815345	0.000251362593290369	5881	1.66212922972284	0.970765399840831
0.9	0.92	0.000251362593290369	0.000393942495754424	5738	1.54514848379226	0.990907241795488
0.9	0.92	0.000393942495754424	0.000689784071096414	6186	1.4663679275784	0.94420293680359
0.9	0.92	0.000689784071096414	0.00176919664411648	6378	1.2404128253371	0.930242682494616
0.9	0.92	0.00176919664411648	1.1258259270257	6651	0.808711471959102	0.789022224194531
0.92	0.940000000000001	0	5.18556330379426e-06	6115	2.32935633687652	1.45379245364993
0.92	0.940000000000001	5.18556330379426e-06	3.03586740994656e-05	6710	2.39160432190759	1.28646753472929
0.92	0.940000000000001	3.03586740994656e-05	6.53253569682131e-05	6662	2.21143845691985	1.16275517401368
0.92	0.940000000000001	6.53253569682131e-05	0.000108669489167559	6014	2.14738027934819	1.08708989612572
0.92	0.940000000000001	0.000108669489167559	0.000166675797815345	6369	2.07059255770136	1.07755559322178
0.92	0.940000000000001	0.000166675797815345	0.000251362593290369	6317	1.85525328478708	1.26168822074326
0.92	0.940000000000001	0.000251362593290369	0.000393942495754424	6083	1.78771494328457	1.02514574462195
0.92	0.940000000000001	0.000393942495754424	0.000689784071096414	6432	1.64783271144279	1.00379845574704
0.92	0.940000000000001	0.000689784071096414	0.00176919664411648	6690	1.41092780269059	0.935226545923731
0.92	0.940000000000001	0.00176919664411648	1.1258259270257	6982	0.96108421655686	0.809698698648358
0.940000000000001	0.960000000000001	0	5.18556330379426e-06	6059	2.72144660835121	1.50705488753744
0.940000000000001	0.960000000000001	5.18556330379426e-06	3.03586740994656e-05	7240	2.68165013812155	1.3225611984359
0.940000000000001	0.960000000000001	3.03586740994656e-05	6.53253569682131e-05	7182	2.54943539404065	1.16215815412603
0.940000000000001	0.960000000000001	6.53253569682131e-05	0.000108669489167559	7269	2.30009932590453	1.11057522444604
0.940000000000001	0.960000000000001	0.000108669489167559	0.000166675797815345	6856	2.3324018378063	1.0544070960183
0.940000000000001	0.960000000000001	0.000166675797815345	0.000251362593290369	6715	2.16802635889799	1.12712337832616
0.940000000000001	0.960000000000001	0.000251362593290369	0.000393942495754424	6351	2.00674035584948	1.04878013855669
0.940000000000001	0.960000000000001	0.000393942495754424	0.000689784071096414	6671	1.88074591515515	1.00488001479125
0.940000000000001	0.960000000000001	0.000689784071096414	0.00176919664411648	7235	1.63277774706288	0.994451379742066
0.940000000000001	0.960000000000001	0.00176919664411648	1.1258259270257	8037	1.11777864874953	0.872998029997952
0.960000000000001	0.980000000000001	0	5.18556330379426e-06	6254	3.10405388551329	1.71040456807066
0.960000000000001	0.980000000000001	5.18556330379426e-06	3.03586740994656e-05	8212	2.9566566000974	1.36919146230795
0.960000000000001	0.980000000000001	3.03586740994656e-05	6.53253569682131e-05	7579	2.95369666182872	1.22678037591889
0.960000000000001	0.980000000000001	6.53253569682131e-05	0.000108669489167559	7764	2.77048634724369	1.1555759541674
0.960000000000001	0.980000000000001	0.000108669489167559	0.000166675797815345	7247	2.66379246584794	1.09805165167046
0.960000000000001	0.980000000000001	0.000166675797815345	0.000251362593290369	7145	2.46581231630512	1.1162786551836
0.960000000000001	0.980000000000001	0.000251362593290369	0.000393942495754424	7278	2.33141646056608	1.11030706400469
0.960000000000001	0.980000000000001	0.000393942495754424	0.000689784071096414	7231	2.18945664500068	1.05696232885277
0.960000000000001	0.980000000000001	0.000689784071096414	0.00176919664411648	7433	1.92773536929908	1.05320823636055
0.960000000000001	0.980000000000001	0.00176919664411648	1.1258259270257	8569	1.33279507527133	0.946511749697106
0.980000000000001	1	0	5.18556330379426e-06	3823	3.03615772953178	1.9433394744347
0.980000000000001	1	5.18556330379426e-06	3.03586740994656e-05	4033	2.80250681874535	1.73879961816152
0.980000000000001	1	3.03586740994656e-05	6.53253569682131e-05	4021	2.8248157174832	1.69048514956717
0.980000000000001	1	6.53253569682131e-05	0.000108669489167559	4067	2.61197049422178	1.63651441530319
0.980000000000001	1	0.000108669489167559	0.000166675797815345	4352	2.57013051470587	1.6190732879095
0.980000000000001	1	0.000166675797815345	0.000251362593290369	4342	2.21805066789498	1.69624478512943
0.980000000000001	1	0.000251362593290369	0.000393942495754424	4350	2.19660850574712	1.60560999299152
0.980000000000001	1	0.000393942495754424	0.000689784071096414	4057	2.09943233916687	1.50464727494889
0.980000000000001	1	0.000689784071096414	0.00176919664411648	4419	1.77712265218375	1.43510672409208
0.980000000000001	1	0.00176919664411648	1.1258259270257	4756	1.25234167367536	1.28571197178907
